0001 014a 00000001
0003 0039 0000a60b
0003 0035 00000fd9
0003 0036 000004de
0000 0000 00000000
0001 014a 00000000
0003 0039 ffffffff
0000 0000 00000000
0001 014a 00000001
0003 0039 0000a60c
0003 0035 0000027b
0003 0036 00003d61
0000 0000 00000000
0001 014a 00000000
0003 0039 ffffffff
0000 0000 00000000
0001 014a 00000001
0003 0039 0000a60d
0003 0035 000001b0
0003 0036 00003805
0000 0000 00000000
0001 014a 00000000
0003 0039 ffffffff
0000 0000 00000000
0001 014a 00000001
0003 0039 0000a60e
0003 0035 000012d8
0003 0036 0000363e
0000 0000 00000000
0001 014a 00000000
0003 0039 ffffffff
0000 0000 00000000
0001 014a 00000001
0003 0039 0000a60f
0003 0035 0000138d
0003 0036 00004394
0000 0000 00000000
0001 014a 00000000
0003 0039 ffffffff
0000 0000 00000000
0001 014a 00000001
0003 0039 0000a610
0003 0035 000008c2
0003 0036 00003b1b
0000 0000 00000000
0001 014a 00000000
0003 0039 ffffffff
0000 0000 00000000
0001 014a 00000001
0003 0039 0000a611
0003 0035 00001acb
0003 0036 000034ab
0000 0000 00000000
0001 014a 00000000
0003 0039 ffffffff
0000 0000 00000000
0001 014a 00000001
0003 0039 0000a612
0003 0035 00001db3
0003 0036 00003697
0000 0000 00000000
0003 0039 ffffffff
0003 002f 00000001
0003 0039 0000a613
0003 0035 00000506
0003 0036 00003ac4
0000 0000 00000000
0001 014a 00000000
0003 0039 ffffffff
0000 0000 00000000
0001 014a 00000001
0003 002f 00000000
0003 0039 0000a614
0003 0035 000005cc
0003 0036 00004428
0000 0000 00000000
0001 014a 00000000
0003 0039 ffffffff
0000 0000 00000000
0001 014a 00000001
0003 0039 0000a615
0003 0035 000014d3
0003 0036 00004217
0000 0000 00000000
0001 014a 00000000
0003 0039 ffffffff
0000 0000 00000000
0001 014a 00000001
0003 0039 0000a616
0003 0035 000019f6
0003 0036 00003ee9
0000 0000 00000000
0001 014a 00000000
0003 0039 ffffffff
0000 0000 00000000
0001 014a 00000001
0003 0039 0000a617
0003 0035 000018d1
0003 0036 000035ff
0000 0000 00000000
0001 014a 00000000
0003 0039 ffffffff
0000 0000 00000000
0001 014a 00000001
0003 0039 0000a618
0003 0035 00001d8f
0003 0036 0000350e
0000 0000 00000000
0001 014a 00000000
0003 0039 ffffffff
0000 0000 00000000
0001 014a 00000001
0003 0039 0000a619
0003 0035 00001cb7
0003 0036 000035ea
0000 0000 00000000
0001 014a 00000000
0003 0039 ffffffff
0000 0000 00000000
0001 014a 00000001
0003 0039 0000a61a
0003 0035 00001cc6
0003 0036 000035ff
0000 0000 00000000
0001 014a 00000000
0003 0039 ffffffff
0000 0000 00000000
0001 014a 00000001
0003 0039 0000a61b
0003 0035 00001cce
0003 0036 000035f5
0000 0000 00000000
0001 014a 00000000
0003 0039 ffffffff
0000 0000 00000000
